$ANSIBLE_VAULT;1.1;AES256
64383338623365623731323362383032386363313566303632623462643335643137306434363630
3863363361313832653439306165643133636262383238620a313636313865653566393665656665
38373831343435333364323639363831376363643638343635663336353464633965613861313639
3539306235326130340a353438356161356665336563356635386232663830346230366662636335
66363463373262366665343033346339633964366538633265633332643034356665616139346235
32306437663161646264633132383763336333396630353263393738303437613939623965376234
65663636666163663933393364383362643065306363306466346461373663313762346534626539
39386438343232643435366538346231613635663662396638363838646261663561653130636231
39363937323235333738616230343735376234343335353061623539316535623935333531636432
34303634643364316337393462613534373934353061636435653562626232326131353938613532
36323764313764346261326639366439366265353338313761346135303338333263666236356430
65306636613563333033343266313139656462666630383536626131633135303562313431633238
65343933343861653631663766343966623133333938633036363935303062306535353866643539
37643136393639373763373532323162626562306534366234326230653937336365616562396465
35303137623635336131343031663666626534353836626361666630303735633139336161353235
38346361643237393331313330343738653435306262626632646563386162353530366539626332
61326562393035626335636333333731356439346464373162306236363964613931613366383635
63663866613431373931346565373131353434376562613032373538393339653266336534303033
37646532333231623739333961616663333532306633643566376336343766346266393733326363
62393436313937353632633231346635663562363033613361323862646134613964326234353163
34393562363137323031623632656231666661616663363239623664613639383635626565386430
34303063633039666561396364613461336163393331653433653338383966613036613462346637
35376436363839313166313133306431663763323461396430353432316535346631386438626561
31323562356464346632373238363537633031663764663439396661376335633637666137373732
39333734646635323239306561633539383164393462353236393863336630366531643266343735
62323563336539653762643537336366656563383032646564303764383036333734383233316634
33386237646662353631623136373235373031656363613638613533636338346635663131633831
62346238366332353135313139373835633335643964643565613462393135633633393961346161
3865
