$ANSIBLE_VAULT;1.1;AES256
32323532353037343339363865376435383238306663393630373162373739353136373236623632
3062326363636233313934306563663637363164333930310a346361623263616231363430353561
62386335656365346638363866363163656236363334363866303266326435353632616236653439
6461663231303832620a393366646366336131383262303663353939633062646638353439316439
63666536666331306263373662613161343034626431383961303361326331643736613731646262
64323334333031336362346431613835353465316434363635656263383237343462363763363665
64326266343263633165616464383865643162376565643663656663623438626630326131303434
63333439653336633066393833643766353736393632396637323633626664336461356666333866
37306237373762646566633038323165656663646138353438643739386565306265386338666166
37353161646564306134666333306164366435623636396135646234303831613039333232393861
65313034626238653965366132663838616565306332623663393536366532386633306665343762
33363933396436356439656130386135346138306433623963626430393134386336333064333431
33663364633236393237666339633437303565336136613335626435383962333161373730636536
62666233316565636333636538666630346564656661663463396530643636313834333334303064
61353336343833363266356462343731326461663838613330393639386230633764323736303432
37363463383834613339653661663261326163336163656464316536363434303939333136616635
63646331343362353931373532663465653036386235623435333633363661316363363135326538
34376465623931326533393435623566383063373562303537336433633066313661656238656538
38303365336562656362313565383732663261326462616661396363646661656366323963383165
63613264623534653765363030356161363734626538653439663732633935663763613437363862
30386535333238373430653362306235623265353230646637323630336231316665306436646135
63396539333030393463633837323932316133633766373561353235343630396639376132356534
37643366336431383762393331633366313866623330303562656631633730623238346438666330
36643931396663643165386331623965376465356436343335616135613365646430303236393462
38383839333261373632356237646331323561613638633536626536643235386230623938323964
31316138343031396531356139303636343061666633636533323331376636306139366537353534
38666565373030623535636235303638326264313164633863346364336264303739633865313466
35326631396565316538623564333139353332333361373633303231653531616562333261383533
35333039316461333130326635306664613130633230383132656138616464306566303437316531
66316533356337653562616162346630323731326632353139666165353964373136333238373339
33653161613462343133336133646564306665646433313666373335333563376534323032313131
34643263303939653432656266613362616636643862323737666339333534643034623261613436
36393862386135353135313033303936336465386636653035643630363462396333373337643661
33303638366636653030306636316438373634363166633366646339376634613161663739373462
36643336616235656436303764373866636134316231653665383035643963343461346235323238
30646537383565633633646533393465303839383465626338366436373530613838326563306134
63353465623863633432303239626661613362323363376133346632626330636534653237353465
31316438333162663665326333636533666465306239616435643935336135353165323662643235
35646233623761326662383239666162333139663832646466626464333662313539353534363538
39323363613931636663313363356635316237383130386430623562623330366666323939373964
63346164313364383832656530643536383835323734646663623139343634616138353765396433
38633134366439323937313737333561376639616235363130396539636661633632663761633534
61613432646661396431363566323166373365373735373131333736376134326632363239306465
32623964383936326466313439656639646638333063666333363631396539613535393764636331
31306530306665376536333063646235643665383239373437663830366165373665646664306236
34373531643338326137306166653233373939343830373333653564613565363835303134326530
30363664643133383932393566373634396333626265336531373563313162653730313564653730
38323763653837653662363937383033663737373537363639636438636235336463663439626161
65343463313437613663396134643135393137373638343364383066383638643930623365376334
36653266643535613130306132616331613432663530303131666235623733393463666638653433
31363763323230393765333636653632336638353530623465373332663863396662383863383538
36643334656361643564613938663935613536356136633332643931643263333632623238386434
65326262646563393332616533663236623835343330623035333435383634366161613035313335
61633233653937643166613466633063333963653631636162373063376461353534663463616433
39643736346330613534633534643761306436356662346261646161303334633064313565666639
65623537396539383739623139633434386233306539663165623938346334336134643131313366
65323131633665333937393537626534373336376133363065376138313837356564653038623437
39653932393263326561323463343364376365643264333733376539333136346266373361623435
38383161643030393664346666633564663361303632393061303533386434353661386566623530
31363362666433326164306161386362353162613639373565613237363239343234613861656463
31633931633730306434303334346465633932353066623865623639653334323832633538333462
63646533643762653835653930383961383262373334353035383433646535353138386137616536
30336437623664346463626633303233383436666133383034323732643866393032646338356166
65323766376435373866376639623136616433363835303662643664383932313763626538393064
36383232393361363363316163333965303139613064643364616263613031376432353539353664
30303238333665313363363133383030363530663534393166393161623634636366653934336636
61366363643736326138386330356364386462343635333364646436313036623661633464636137
37326561393966633735346137343032663236643334613739353232643366363761346366656664
66363936383536326665383636363930383030366535383739383166323434643630323965613237
35303733386536323862333032336232383533613236353433306137376666623937396331626238
35333464613236303634393039383435666536643935623763313437303765653063353937656534
35636561666336333335613961633161646531326463663363646333666630303932386361333239
37353264613164333462613466333034316639633038333936663834636264303362373065666635
64373931643965333632336134326263313362633735653038633635326131383332373538636365
62373530646131383338613436393630356662376236323335396238373361376531623535383731
31663232353532313736383732303462383861386464393635363034356562653832353666613531
65323134633130346666653237306363363034383933393239653761643635316565633966366232
64316565303337646139343035646164303866393365396366383861323137363462663862393835
36306437653433656239376635313836326130633761346237316265353963363739383935313034
33613630613166636139306135643131326336643233313236306639626561623338303464626266
62393964326539333565313531323163363838303435643337653130633934396630323463396439
65623939643666643065623163323165376534353231323032353830336334353838626238353836
39616330636563636231333864303961663861636233656565646163373732303034393539363631
37303965373862393766376638313963303338373466363261636332346137616663383565363435
35633632393564663961343961343232656261663061616663643136336533373737393735373661
37323735333664623163363864633061643336323663636562303130313435363237633863303366
39663662386634323233616539653061663235363936613039636162613931343963313731373730
38653939333735323462
