$ANSIBLE_VAULT;1.1;AES256
31656566376561346130353530343630616432383331333663656534383530343961396339383636
6664623163373633336536623736383432386565663466360a343866323535313538383935333334
66663430306434333338633530613838663833646131303833656165643861343336643366316234
3830623264363433660a303661613134303339386463313637363532663363373939626630616561
33623437373061326261356538636335653635643934663738626164653165303233643838306136
65313264383535313136356338366434616361636261343736326361343436306364316363336538
35366661393166636639373166646461313436656331326136336632373132393765656635653637
38616330613431343334373663323032636630613864666263343231356435656139633266303164
35353566623466356630663965623439653035656362666233653435353063633462663735323237
66633634306132316239613866633966316334346636636537386365303335636166383237376362
34316437346631343730306366643730653766656632373330393734613062346662316335656633
35316336303436336266343061356639646364303164616362333236323539623762343064623061
63646238653065336533373266373165333431333930373865623236303835363137666265373239
36343739376362333033633233373336396365356261336638376563636135393566386439393337
39373330363932323837623063386337386664643265383563346532363231313636363636383033
34316533363239393135313237646665666162343330363565313639343930323961623030373431
64306265326161383431316637306539376161616632353937373534623934613939343432326530
66333965326139323131663764323764653663653936633564313261383364353630313163333938
37336163326537623165326538613237356539653630343337336166666135313464346633313365
61366336306564383466316432663362323666363161393765313339353262343134366533336561
61666337323861323065363733376538616365663735333332336461323166613066663532343339
33343732346664316661313164663832323730613936303763613364663364333534633536313762
35363035346131316434623835353338343365306662303030306237666633366165333265633231
64656461373034323261656638336533323738306165616365373366366461306663303830363433
66346132623764366432323263333565323534323537333333653532383834333634663334646634
63636233653233376636623730613465353061316132356266326637313635616331316335616365
37643835333363336261316130663761373361323433363734336362343337373933306237396436
65633237626431346362643932366135396262376635313562303561636232626332326136393730
36303030613536633337623136336632313334323132386566616634316362393832636238386463
64393961343633303163346465633262333530373966663732383166303861376364356233323364
31316338336134613265633339643733316536393063663765313430326662613538323037386433
36613163623761326363643563323433363738366362313666636334353663356336626234333331
63363039303738626430626635306435376463353831323466363737626364666630643464623034
62326238383232386565666361353136306164303938643030643033373661333238636330383462
32666161643565356331303231393063323538323938363862353737626465316164376363363163
35393639396236643639613734646366316565306230346531316533353564336233373864623331
66313137383262316566393331363738343637616330383863393566386439636366666437386530
30373234313932396439333161356662396335663565303733656332336163626638363764616362
36623437633831663738353539346534336564333837313934356662313936333061343139333132
39343062373365313934396365633238653933383964656362623835353930373765383531316231
32346439353234303062626331386139393932353034376436323139316366353437393931643662
65326632383963656466363137373564663665353432396238616166343333376332353035616664
35373339623533633964643965613165666164633335656330313032306435356330653139356134
34373761623338646134646462393266333864663531396436303739356463303231636435663432
64303739653261626161353231616533363666633238373134383434643335316638613338383162
34343335373563326633643461656266656531643739623366653238383336323835653833363461
36373363363964376530353465323434393665356563356139376631616430323230333337636231
38393036316331313365393464303731626631663837616531363639306634653766633461313435
33306565316665313336653164626166643234383265666230326231663035316436656165666235
64373333386531333233373366336264616232343463663730386562343266353831643965336336
36306564343765633865333461323964326566306339326332386638633463306665363839313937
34626363646635353837303631633365313736623636386164613039356132393736383863656231
63653739663033303663323036616132383730396537353831333566646636653230393162633361
62333765373563323737616433306566623632393637376135323538643239626466383330613861
39623532336431396431393738306533636438326362306566633438373566343533376564353035
38653930633639653034363739323635383665653632336162643461316264386165383636636635
36333463646532633438646564393636616538626362343334316433623237343236393131623733
35666530633631353439393132386139396564333937626431353363306331643736363030376431
33613339363937353538363135643263386166646363343330646531623037623433366566626135
66386265623130333833303739613930396339386637653765386334333563323735663934366134
37346561383565383766396665636637303165383062616636333431346436623435363634393163
38363636366438343537616566323635633763356630303932366631373263643831313866353234
65373137616565626337346366363566316632613966616535636663326265346133613731633636
38613733313964653230356338303337353066353337376230313466643136633865646163396235
35636566623434383065643561656337633833663064353866616430653137646366386164653635
65323863383563396661656334643736626134633939663662653036663963636161643161373535
63333737653561376433303936663465653866663736626137613066333939313464363836343361
37343965393336326132336262653466356134393263363936643035643163313632376335353638
33623365333430663935373931623231646264633930356136333235353766363830633864346434
36363661313233623864656262646334663937653562656466363139313434626239613336386234
61366262396566356361636330373362316566613963616163313263396235356337323633353134
31323835333234656439633636373066656135383431376164646139303731663533333865353835
38626634653133386133306239613535326436653861383438353539646466323939616265336663
38366333363634356464333866346230663538613965353665383063323637326365383730663531
65376564643937366462623538663134353561666661313565303637653465326264353339303138
35303630343534653563333561346632623762373261383730643235383635343134366566336336
61336664613663666232613764613763663331313033666461353764633732383439316234626166
66646130613262633963343235363431323434623030636630356562306137646331343931356531
65323330323663373339643064643465663331613131306435613233663239656665336139376130
35666435326138633134656362663030393634643438393862633431653734393136616561666636
32396234636365663132353739633234303336393333653138343566353934316366623263653933
61353264643966373838356261373061653533656539333736313734623233386266333062656631
36306235613732363534656134366565383965626338623932393639643266316139643465663332
38623833666361643531396166373966353963333738323931643339386666326430653331383364
30666631323161313264343033393730363262376464373464666330383665353032333665326639
37333735376264313161633465656366326462376563646162643533633065663061616261393561
65313662663862323665623562376436373263636338393332366232663035633334303236643836
35623764383837646139613862313038633865366161363733623762656465653232393864643334
62313334363737393435373737353530313233363938383832353463316236306431616134326137
33633962343762396133643366383663653536613936326531623166373134663333666134383836
31333233613631653831373038373163336331653437386564383063616133653633623563633765
34653333373662343238333937393464396530323866306664613961303535633236616238376230
35396564383039323838396264616366306630643239356463383963333235626535333839306233
31343638313831636234353731383864666364343762346139343862383637323935393431623934
34666464633763666435353634363139383864623834373737316138653130343639663066623864
62623330613266663037396263653236326431613466643430666130333533643636303037366162
30353965663931343735623366303262326433666165356236666637383736353434633332303139
63663937613861366663656535376263353338656664656565613461376663666161376339613464
36303837326431643138626537346636643037623131666662326234633238356131643161313863
64666137346532656435366236633639376531396532643332396130623261396563643765356539
30653966306130313433666435363365306461366163366537336534643466666633616134336561
39363965666361383330396535653265376634383562306138653231636430656562303039616365
64356662383263373862626534613163643330303537343961316239623964383563613130343033
30626564386662366235316266326362633230623139663666656166643338343964653265326633
61393739343362353436613630613034653432323135373639646661346337636233333265616438
32373337643865663132363462373330313336313936316264663833666533373263383539663434
34396631653937353638623564316364313565323431663132653935656365383964623165653939
35333439306664643766356562633964666564613764316563353964353965643665623733613964
36366565326335663664356639653138376439323239663137616534373264393363623062656139
31346239616133333730643365303934313363353064383031613265643436363734323239303837
31613831353966366265393964623130313965306432383262343536373431393164333664376430
63353963623964386633616136313365326434303433326261373465336531313430323361333837
35646334613761346664323666333537363462623034306634343165353139323730646536633539
63653532363062623932346230663562633935613833323866616362356261306263366262666533
65643139326335366638663538346639316365656330303666316565303533383461643739633964
30366462666265363234623239313465366330653133656563613032656162303665623166383133
62373730363236356534613435333263346636636233616164633937636162663331656231643536
63616331366565336666313637653036313165333031376136383838666362393333656233653832
66656638613461353835613336376463376430363838666431373665396438396565646339373136
32333864353065663762366639306239633963356463376133323962656362326330633138326438
64333733653061366363616562623838663464623464316435373939303734623863616132313436
65663061396232633735366339626338343263306136343761336633653933373862626138646633
66306533663130616262306138333631663666336530326638616634613036326465386363323639
30393831393666623832383737356434323534656664626662616666313431353762306634356238
65663163383930306433646535613564356336323861306564306332653333326539323161303662
36313532646562633534346165313536326535353462363662636465656238373235386364666638
65656635353333323239353436366264323531623562313732363436306166636133393730393735
33363934333563636464343739653735373530303138373561326632623063383638616432633430
65653166363735666662343935653761316532633038616431393034373461666561626236373931
62323465633836386334633361636561383934653665376130643839306563633034323266353137
33643763333763373761613763326366633538636561313330303262313032623436393732653331
37316535623833373762306239313562663131323566313239366130623133376565666631316138
35653430386464373136366437653932306365613263636237363530323434313730396534613134
37656161383862386665383065663730393162303662333235333437653534356363333565386231
35663333626536343937373061323535663634643838323038306364636333383330373135656338
32366463343438363937383965363262383665613332633534636534326631303030343337393339
62396432666333346366356334393064326366356632323338323437323862343234333535643431
35346430613631646536336531636263613833303131313364373639373138626535353763373565
62363931646235323865666438306163613463663066326238346137346635383562373563366563
64636233656434306265353662653234376164303438616139373562616566663431633064306363
38386230313333313731323161333836636636613566633937323566346362613434386535656664
63653866323735666533306633366363383765666265653631656462306237636339303761633537
62643561383737346264643339383536613635323334386564373436663230363236333966373861
33663334373663663334323433356138393262663134313364643462386661613931643533303663
61363363616132643139646436616633653061316466306232663165396539363339656131653262
39393861633339653266316132353965346537336138653632396666306664353063353938343230
30353663643335303465633731636330333831303861613230323061646263343533373831303531
66636165336465336662356362316334633263613833643939356662303336613733346430663564
37643335656631376635633134663666663937373263346265636534373237383030333339653836
36613938363734313237633837343032396664396637656135653861666133313936336230376133
30313530383335363435323062636633393631643163356163326632646262323162653138343532
35326632643639356339386435653530646630316334613163383833303230613762613935326435
38633165346665636538333536613861313839626362366430613465663661303966303365393031
62386539333061353234613263626232393234306130333135643566303336666434613532343736
64303839623032353464333834353661363962313036653433333934313461346231633834306165
64616237376264636662633362343239663161653030363463353533653238376661646539646230
63333334313563663964306637663635303939613265393838336663383538646539626637643933
37353163386231376133383136623630663030373931363731313438303832643338333764656362
38333665316438636437366265323465663065373538336335653337393639313434663466323133
63326431393764663032646439313234613565316439323039613236636131666261396265393661
62633762323036646130343730613264633035366662353031643734643930316566633362316434
33303966306233613738303763653362653366626638666633633165383436303934646332343838
64303737396438346634663332336262633233623338346363303233626262343535646637343632
38616635633962313838646236336632363439663661323466376135653362393365333065356163
31353334363665663033643737663736646530353362626462383034363933326665343737663664
37656137346635343936623135653736353531623864383362613966383431356632613963333962
36383733393163393434356239376336343538303563346662373332633136323862323765656635
61613833336434366537353564356531373630376438666437613239653763333239616436633839
35316462353935376535386232393264643430316138646363326237626534646461366136343832
38656231363238386130633166306233303235353734353234383933623238623038313137393466
39633836343630306131333861616637613837666637353561383866396239633836383962383731
61343366366137343039366238643739383735356238646161626138383639613666663635623362
39376662363735366337393230646537393530613132636366323961306636383266353933386662
37313331643563636361396331643237623239376536356162653663326137383238363566363339
64376432613536363564636664346239373765383637336638376432373537326261383362663538
30633933323564386266353163353865663231613266663631356630623238386639326264363330
32316335636636656166366563666439663832363366383335313339666230336531643734616263
33336133393538613139383765646161376264303639626239646237613436656565353961353361
36343362633364613265373135623734316330613331653532323664633234663666393431363730
61646261323766303432363261303837643637373438646133653636393038323236643863326132
6136
